# GIMP colorrc
# 
# This file holds a list of recently used colors.

(color-history
    (color-rgba 0 0 0 1)
    (color-rgba 0.34901960784313724 0.7803921568627451 0.37647058823529411 1)
    (color-rgba 0.27843137254901962 0.46666666666666667 0.29019607843137257 1)
    (color-rgba 1 1 1 1)
    (color-rgba 0.58980697393417358 0.82197296619415283 0.97457844018936157 1)
    (color-rgba 0.10196078431372549 0.31372549019607843 0.5490196078431373 5.4013503018669842e-315)
    (color-rgba 0.024719614535570145 0.028442816808819771 0.095750361680984497 1)
    (color-rgba 0.16095216572284698 0.56630808115005493 0.98216217756271362 1)
    (color-rgba 0.055497061461210251 0.27354848384857178 0.65218585729598999 1)
    (color-rgba 0.059021897614002228 0.087998777627944946 0.14967574179172516 1)
    (color-rgba 0.0040283817797899246 0.1582513153553009 0.40378424525260925 1)
    (color-rgba 0.00556954275816679 0.30457007884979248 0.7308918833732605 1)
    (color-rgba 0.070634014904499054 0.26152437925338745 0.57230490446090698 1)
    (color-rgba 0.054077975451946259 0.2229190468788147 0.5073472261428833 1)
    (color-rgba 0.10641641914844513 0.54523539543151855 0.91468679904937744 1)
    (color-rgba 0.6243823580785629 0.94151973131055711 0.9863431453704834 1)
    (color-rgba 0 0.40376898646354675 0.63358509540557861 1)
    (color-rgba 0.0043173227770806136 0.018348623853211007 0.03669724770642202 1)
    (color-rgba 0.0039215686274509803 0.019607843137254902 0.035294117647058823 1)
    (color-rgba 1 1 1 5.5400159517863384e-315)
    (color-rgba 0.99774163961410522 0.72786011369888992 0 1)
    (color-rgba 0.39597315436241609 0.7458167572656309 1 1)
    (color-rgba 0.78201116334407705 0.80378662212149643 0.81960785388946533 1)
    (color-rgba 0.03669724770642202 0.030049341014579487 0.012120191903038462 1)
    (color-rgba 0.99774163961410522 0.81699529656997028 0.32952934886337421 1)
    (color-rgba 0.75193381090776645 0.79112963670712144 0.81960785388946533 1)
    (color-rgba 0.031674208144796379 0.031674208144796379 0.031674208144796379 1)
    (color-rgba 0.92156862745098034 0.92156862745098034 0.92156862745098034 3.5194884857256199e-315)
    (color-rgba 0.92307692307692313 0.92307692307692313 0.92307692307692313 1)
    (color-rgba 0.031372549019607843 0.031372549019607843 0.031372549019607843 1)
    (color-rgba 0.60903964312768288 0.8310457321473933 0.99082568807339455 1)
    (color-rgba 0.22528837429651424 0.67044331717669958 0.99082568807339455 1)
    (color-rgba 0.047058823529411764 0.0078431372549019607 0.0078431372549019607 1)
    (color-rgba 0.019607843137254902 0.0039215686274509803 0.0039215686274509803 1)
    (color-rgba 0.16513761467889909 0.021941361390902685 0.028870212356450958 1)
    (color-rgba 0.16470588235294117 0.023529411764705882 0.027450980392156862 1)
    (color-rgba 1 0.8968277425940977 0.50458715596330272 1)
    (color-rgba 1 0.7917448878288269 0 1)
    (color-rgba 1 0.792156862745098 0 1)
    (color-rgba 0.95696955919265747 0.93875026702880859 0.72678720951080322 1)
    (color-rgba 0.82015717029571533 0.63724726438522339 0.31676203012466431 1)
    (color-rgba 0.86436253786087036 0.71177232265472412 0.40756848454475403 1)
    (color-rgba 0.94334322214126587 0.80967420339584351 0.40236514806747437 1)
    (color-rgba 0.98031586408615112 0.88673228025436401 0.58478677272796631 1)
    (color-rgba 0.4122377336025238 0.31860837340354919 0.085008010268211365 1)
    (color-rgba 0.85069048404693604 0.69013506174087524 0.35266652703285217 1)
    (color-rgba 0.94694435596466064 0.83471429347991943 0.59952694177627563 1)
    (color-rgba 0.91224539279937744 0.79754328727722168 0.53374534845352173 1)
    (color-rgba 0.96017396450042725 0.85804533958435059 0.59233999252319336 1)
    (color-rgba 0.26393529772758484 0.19256885349750519 0.047760739922523499 1)
    (color-rgba 0.3652399480342865 0.24986648559570312 0.067414358258247375 1)
    (color-rgba 0.51419854164123535 0.37285420298576355 0.11360342055559158 1)
    (color-rgba 0.63129627704620361 0.43518730998039246 0.17759975790977478 1)
    (color-rgba 0.96466010808944702 0.92524605989456177 0.65610742568969727 1)
    (color-rgba 0.90141147375106812 0.75643551349639893 0.45395588874816895 1)
    (color-rgba 0.95062178373336792 0.86552226543426514 0.59575802087783813 1)
    (color-rgba 0.97227436304092407 0.90685892105102539 0.68207830190658569 1)
    (color-rgba 0.89117264747619629 0.74863815307617188 0.40901806950569153 1)
    (color-rgba 0.90505838394165039 0.7462729811668396 0.45410847663879395 1)
    (color-rgba 0.9827115535736084 0.94993513822555542 0.73607993125915527 1)
    (color-rgba 0.91842526197433472 0.78138399124145508 0.51972228288650513 1)
    (color-rgba 0.7453574538230896 0.58643472194671631 0.29315632581710815 1)
    (color-rgba 0.78538185358047485 0.62661170959472656 0.32329291105270386 1)
    (color-rgba 0.67948424816131592 0.44733348488807678 0.1745632141828537 1)
    (color-rgba 0.98097199201583862 0.94543373584747314 0.66863507032394409 1)
    (color-rgba 0.78225374221801758 0.64275580644607544 0.35855650901794434 1)
    (color-rgba 0.86178380250930786 0.69414818286895752 0.39539176225662231 1)
    (color-rgba 0.68291753530502319 0.46451514959335327 0.19101244211196899 1)
    (color-rgba 0.77143508195877075 0.67104601860046387 0.43334096670150757 1)
    (color-rgba 0.73656827211380005 0.63326466083526611 0.40411993861198425 1)
    (color-rgba 0.93884181976318359 0.92274355888366699 0.7926909327507019 1)
    (color-rgba 0.29767298698425293 0.22923628985881805 0.033783473074436188 1)
    (color-rgba 0.69173723459243774 0.58127719163894653 0.23376820981502533 1)
    (color-rgba 0.28256657719612122 0.18803693354129791 0 1)
    (color-rgba 0.34831768274307251 0.2368505448102951 0 1)
    (color-rgba 0.60552376508712769 0.43102160096168518 0.077836267650127411 1)
    (color-rgba 0.87750059366226196 0.7293354868888855 0.30658426880836487 1)
    (color-rgba 0.74055087566375732 0.61055922508239746 0.21957732737064362 1)
    (color-rgba 0.37137407064437866 0.27541008591651917 0.045349813997745514 1)
    (color-rgba 0.96520942449569702 0.94007784128189087 0.70067900419235229 1)
    (color-rgba 0.75120162963867188 0.63390552997589111 0.24002441763877869 1)
    (color-rgba 0.78036165237426758 0.62833601236343384 0.29756617546081543 1)
    (color-rgba 0.68041503429412842 0.53536278009414673 0.23485159873962402 1)
    (color-rgba 0.60181581974029541 0.47913327813148499 0.19626154005527496 1)
    (color-rgba 0.73330283164978027 0.48426032066345215 0.1426565945148468 1)
    (color-rgba 0.60323488712310791 0.3803921639919281 0.10078583657741547 1)
    (color-rgba 0.63276112079620361 0.41016250848770142 0.11000228673219681 1)
    (color-rgba 0.83775079250335693 0.64362555742263794 0.29202717542648315 1)
    (color-rgba 0.84422063827514648 0.61130690574645996 0.25163653492927551 1)
    (color-rgba 0.65645837783813477 0.47833982110023499 0.17112992703914642 1)
    (color-rgba 0.77370870113372803 0.5085831880569458 0.15498588979244232 1)
    (color-rgba 0.88601511716842651 0.7615472674369812 0.43935301899909973 1)
    (color-rgba 0.9546806812286377 0.89607077836990356 0.56681162118911743 1)
    (color-rgba 0.40531015396118164 0.17071793973445892 0.038315404206514359 1)
    (color-rgba 0.62172883749008179 0.32629892230033875 0.078965440392494202 1)
    (color-rgba 0.72472727298736572 0.48432135581970215 0.13337911665439606 1)
    (color-rgba 0.54917222261428833 0.26298925280570984 0.061768520623445511 1)
    (color-rgba 0.80932325124740601 0.56601816415786743 0.22084382176399231 1)
    (color-rgba 0.55303275585174561 0.31433585286140442 0.058045320212841034 1)
    (color-rgba 0.43271535634994507 0.20411993563175201 0.027573052793741226 1)
    (color-rgba 0.29347676038742065 0.20378424227237701 0.021179523319005966 1)
    (color-rgba 0.25018692016601562 0.20117494463920593 0.020080871880054474 1)
    (color-rgba 0.34241244196891785 0.26523232460021973 0.038864728063344955 1)
    (color-rgba 0.46269932389259338 0.35539788007736206 0.082993820309638977 1)
    (color-rgba 0.72512400150299072 0.55144578218460083 0.19092088937759399 1)
    (color-rgba 0.85145342350006104 0.69250017404556274 0.33191424608230591 1)
    (color-rgba 0.84347295761108398 0.69376671314239502 0.32094299793243408 1)
    (color-rgba 0.92950332164764404 0.84029906988143921 0.54154270887374878 1)
    (color-rgba 0.76533150672912598 0.62786298990249634 0.29237812757492065 1)
    (color-rgba 0.64565497636795044 0.46243992447853088 0.1590905636548996 1)
    (color-rgba 0.39075303077697754 0.20190738141536713 0.029419394209980965 1)
    (color-rgba 0.93591213226318359 0.91543447971343994 0.63205921649932861 1)
    (color-rgba 0.64304572343826294 0.41490805149078369 0.13142596185207367 1)
    (color-rgba 0.52736705541610718 0.40051880478858948 0.13913175463676453 1)
    (color-rgba 0.55378043651580811 0.43024337291717529 0.14470130205154419 1)
    (color-rgba 0.52716869115829468 0.37396809458732605 0.13147173821926117 1)
    (color-rgba 0.96166932582855225 0.95577937364578247 0.94213777780532837 1)
    (color-rgba 0.32240787148475647 0.20434881746768951 0.0015259021893143654 1)
    (color-rgba 0.76400399208068848 0.62636756896972656 0.30702677369117737 1)
    (color-rgba 0.60592049360275269 0.46803998947143555 0.19433890283107758 1)
    (color-rgba 0.98431372549019602 0.9062910595430832 0.4966720633207411 1)
    (color-rgba 0.98431372549019602 0.85882352941176465 0.20000000000000001 1)
    (color-rgba 0.11009174311926608 0.0087866649437911941 0 1)
    (color-rgba 0.83529411764705885 0.066666666666666666 0 1)
    (color-rgba 0.055045871559633038 0.004393332471895597 0 1)
    (color-rgba 0.064220183486238536 0.056032749735004932 0.013048722541028551 1)
    (color-rgba 0.98431372549019602 0.93725490196078431 0.68627450980392157 1)
    (color-rgba 0.56862747669219971 0.94509804248809814 0.21960784494876862 1)
    (color-rgba 0.062745098039215685 0.058823529411764705 0.062745098039215685 1)
    (color-rgba 0.064220183486238536 0.058449553114737492 0.062079421997147791 1)
    (color-rgba 0.82621502876281738 0.99050891399383545 0.57158768177032471 1)
    (color-rgba 0.9718379905663308 0.98431372549019602 0.20769922647958261 1)
    (color-rgba 0.018112458288669586 0.055207140743732452 0.042740520089864731 1)
    (color-rgba 0.16470588235294117 0.85882352941176465 0.10980392156862745 1)
    (color-rgba 0.35294117647058826 0.20000000000000001 0.42745098039215684 1)
    (color-rgba 0.26666666666666666 0.96078431372549022 0.72156862745098038 1)
    (color-rgba 0.012731698183860701 0.045871559633027525 0.034450477438681903 1)
    (color-rgba 0.086274509803921567 0.0039215686274509803 0.11764705882352941 1)
    (color-rgba 0.79056990146636963 0 0.80480659008026123 1)
    (color-rgba 0.084956641950483872 0.0057182355158979618 0.11926605504587157 1)
    (color-rgba 0.40784313725490196 0.027450980392156862 0.5725490196078431 1)
    (color-rgba 0.94495412844036697 0.15196193641503908 0.14737816682097463 1)
    (color-rgba 1 0.22018348623853212 0.84921227952280398 1)
    (color-rgba 1 0.75294117647058822 0.031372549019607843 1)
    (color-rgba 0.035294117647058823 0.035294117647058823 0.035294117647058823 1)
    (color-rgba 0.94509803921568625 0.15294117647058825 0.14901960784313725 1)
    (color-rgba 1 0.0049261083743842304 0 1)
    (color-rgba 0.049773755656108642 0.049773755656108642 0.049773755656108642 1)
    (color-rgba 0.082568807339449546 0.013361757204309261 0.013019148045224409 1)
    (color-rgba 0.94495412844036697 0.4450242682504863 0.44213450046292396 1)
    (color-rgba 0.94495412844036697 0.28125414163655993 0.2774177257806581 1)
    (color-rgba 0.9882352941176471 0.9882352941176471 0.9882352941176471 1)
    (color-rgba 0.94117647058823528 0.94117647058823528 0.94117647058823528 1)
    (color-rgba 0.89411764705882357 0.89411764705882357 0.89411764705882357 1)
    (color-rgba 0.84705882352941175 0.84705882352941175 0.84705882352941175 1)
    (color-rgba 0.80000000000000004 0.80000000000000004 0.80000000000000004 1)
    (color-rgba 0.75294117647058822 0.75294117647058822 0.75294117647058822 1)
    (color-rgba 0.70588235294117652 0.70588235294117652 0.70588235294117652 1)
    (color-rgba 0.6588235294117647 0.6588235294117647 0.6588235294117647 1)
    (color-rgba 0.61176470588235299 0.61176470588235299 0.61176470588235299 1)
    (color-rgba 0.56470588235294117 0.56470588235294117 0.56470588235294117 1)
    (color-rgba 0.51764705882352946 0.51764705882352946 0.51764705882352946 1)
    (color-rgba 0.47058823529411764 0.47058823529411764 0.47058823529411764 1)
    (color-rgba 0.42352941176470588 0.42352941176470588 0.42352941176470588 1)
    (color-rgba 0.37647058823529411 0.37647058823529411 0.37647058823529411 1)
    (color-rgba 0.32941176470588235 0.32941176470588235 0.32941176470588235 1)
    (color-rgba 0.28235294117647058 0.28235294117647058 0.28235294117647058 1)
    (color-rgba 0.23529411764705882 0.23529411764705882 0.23529411764705882 1)
    (color-rgba 0.18823529411764706 0.18823529411764706 0.18823529411764706 1)
    (color-rgba 0.14117647058823529 0.14117647058823529 0.14117647058823529 1)
    (color-rgba 0.094117647058823528 0.094117647058823528 0.094117647058823528 1)
    (color-rgba 0.047058823529411764 0.047058823529411764 0.047058823529411764 1)
    (color-rgba 0.015278037820632842 0.055045871559633038 0.041340572926418288 1)
    (color-rgba 0.015686274509803921 0.054901960784313725 0.043137254901960784 1)
    (color-rgba 0.85490196078431369 0.17647058823529413 0.17254901960784313 1)
    (color-rgba 0.80000000000000004 0 0.0039215686274509803 1)
    (color-rgba 0.10196078431372549 0 0 1)
    (color-rgba 0.047058823529411764 0 0 1)
    (color-rgba 0.80000000000000004 0.2715596330275229 0.27415002698327035 1)
    (color-rgba 0.80000000000000004 0.14678899082568808 0.14999100557654252 1)
    (color-rgba 0.045871559633027525 0 0.00022486058643640864 1)
    (color-rgba 0.17647058823529416 0.17647058823529416 0.17647058823529416 1)
    (color-rgba 0.16862745583057404 0.49803921580314636 0.40392157435417175 1)
    (color-rgba 0.23529411764705882 0.23529411764705882 0.23529411764705882 1.2566889342571011e-315)
    (color-rgba 0.16862745098039217 0.49803921568627452 0.40392156862745099 9.5898956077970301e-316)
    (color-rgba 0 0 0 8.9852651849618127e-316)
    (color-rgba 0 0.74901960784313726 0.94117647058823528 1)
    (color-rgba 0 0.74938583374023438 0.94036775827407837 1)
    (color-rgba 0 0.046950890447922271 0.082568807339449546 1)
    (color-rgba 0.87058823529411766 0.10196078431372549 0.027450980392156862 1)
    (color-rgba 0 0.047058823529411764 0.082352941176470587 1)
    (color-rgba 0 0.11372549019607843 0.20000000000000001 1)
    (color-rgba 0.37614678899082565 0.73006351446718432 1 1)
    (color-rgba 0.96862745098039216 0.96862745098039216 0.96862745098039216 1)
    (color-rgba 0.92156862745098034 0.92156862745098034 0.92156862745098034 1)
    (color-rgba 0.8784313725490196 0.8784313725490196 0.8784313725490196 1)
    (color-rgba 0.83137254901960789 0.83137254901960789 0.83137254901960789 1)
    (color-rgba 0.78431372549019607 0.78431372549019607 0.78431372549019607 1)
    (color-rgba 0.73725490196078436 0.73725490196078436 0.73725490196078436 1)
    (color-rgba 0.69019607843137254 0.69019607843137254 0.69019607843137254 1)
    (color-rgba 0.6470588235294118 0.6470588235294118 0.6470588235294118 1)
    (color-rgba 0.59999999999999998 0.59999999999999998 0.59999999999999998 1)
    (color-rgba 0.55294117647058827 0.55294117647058827 0.55294117647058827 1)
    (color-rgba 0.50588235294117645 0.50588235294117645 0.50588235294117645 1)
    (color-rgba 0.45882352941176469 0.45882352941176469 0.45882352941176469 1)
    (color-rgba 0.41568627450980394 0.41568627450980394 0.41568627450980394 1)
    (color-rgba 0.36862745098039218 0.36862745098039218 0.36862745098039218 1)
    (color-rgba 0.32156862745098042 0.32156862745098042 0.32156862745098042 1)
    (color-rgba 0.27450980392156865 0.27450980392156865 0.27450980392156865 1)
    (color-rgba 0.22745098039215686 0.22745098039215686 0.22745098039215686 1)
    (color-rgba 0.18431372549019609 0.18431372549019609 0.18431372549019609 1)
    (color-rgba 0.13725490196078433 0.13725490196078433 0.13725490196078433 1)
    (color-rgba 0.090196078431372548 0.090196078431372548 0.090196078431372548 1)
    (color-rgba 0.043137254901960784 0.043137254901960784 0.043137254901960784 1)
    (color-rgba 0 0.56730769230769251 1 1)
    (color-rgba 0 0.46274509803921571 0.81568627450980391 1)
    (color-rgba 1 0 0 5.0804010686518337e-315)
    (color-rgba 1 0 0 1)
    (color-rgba 0.61568627450980395 0 1 1)
    (color-rgba 0.82946515083312988 0.56127262115478516 0.50240331888198853 1)
    (color-rgba 0.77134352922439575 0.460471510887146 0.53124284744262695 1)
    (color-rgba 0.039520112914608302 0 0.064220183486238536 1)
    (color-rgba 0.61538461538461497 0 1 1)
    (color-rgba 0.10091743119266056 0.069072357853653996 0.05988131011240648 1)
    (color-rgba 0.9882352941176471 0.047058823529411764 0.16470588235294117 1)
    (color-rgba 0.091743119266055051 0.0043687199650502455 0.015290519877675849 1)
    (color-rgba 0.054298642533936681 0.054298642533936681 0.054298642533936681 1)
    (color-rgba 1 0.87058823529411766 0 1)
    (color-rgba 0.019607843137254902 0.019607843137254902 0.019607843137254902 1)
    (color-rgba 0.019607843137254902 0.019607843137254902 0.019607843137254902 3.6749552134216966e-315)
    (color-rgba 0.01834862385321101 0.01834862385321101 0.01834862385321101 1)
    (color-rgba 1 0.33027522935779818 0.33027522935779818 1)
    (color-rgba 0.87450980392156863 0.8901960784313725 0.88235294117647056 1)
    (color-rgba 0.97254901960784312 0 0.0039215686274509803 1.5699132732358912e-315)
    (color-rgba 0.97254901960784312 0 0.0039215686274509803 1)
    (color-rgba 0.94509803921568625 0.20000000000000001 0.2196078431372549 1)
    (color-rgba 0.94509803921568625 0.47688433171433708 0.48920574506963566 1)
    (color-rgba 0.87578272899373821 0.88990825688073405 0.88284549293723613 1)
    (color-rgba 0.9882352941176471 0.40784313725490196 0 1)
    (color-rgba 0.5490196078431373 0 1 1)
    (color-rgba 0.0078431372549019607 0.027450980392156862 0.019607843137254902 2.1202347354721854e-315)
    (color-rgba 0.26666666666666666 0.96078431372549022 0.72156862745098038 1.8442487170992251e-315)
    (color-rgba 0.68719124911785456 0.69724770642201828 0.69389555398729708 1)
    (color-rgba 0.80355322557157416 0.8165137614678899 0.81003349351973197 1)
    (color-rgba 0.0078431372549019607 0.027450980392156862 0.019607843137254902 1)
    (color-rgba 0.48732447107283278 0.49541284403669728 0.491368657554765 1)
    (color-rgba 0.32846570014953613 0.34752422571182251 0.33678185939788818 1)
    (color-rgba 0.94315524374887572 0.96078431372549022 0.9547087585358095 1)
    (color-rgba 0.94509803921568625 0.96078431372549022 0.95294117647058818 1)
    (color-rgba 0.89803921568627454 0.96078431372549022 0.94117647058823528 1)
    (color-rgba 0.87450980392156863 0.96078431372549022 0.92941176470588238 1)
    (color-rgba 0.64004317323259563 0.20183486238532111 1 1)
    (color-rgba 0.58175930922827845 0.96078431372549022 0.83015987714735529 1)
    (color-rgba 1 0.93626661673843847 0.32110091743119251 1)
    (color-rgba 1 0.90980392156862744 0.039215686274509803 1)
    (color-rgba 0.047058823529411764 0 0.082352941176470587 1))

# end of colorrc
